function [X,W]=Input_data()
X=[1,2,3,4,5,6;
    7,8,9,10,11,12;
    13,14,15,16,17,18];%矩阵格式m*n
W=[0.5,0.6,0.7;
    0.4,0.3,0.6;
    0.6,0.2,0.2];%矩阵格式m*m

end